0, 35, 100, 100, 35, 100, 100, 65, 100, 100, 100, 65, 100, 100, 100, 100, 100, 100, 65, 100, 100, 100, 100, 100, 100, 100, 100, 100, 100, 100,      
35, 0, 100, 100, 100, 100, 100, 100, 35, 35, 100, 100, 100, 65, 100, 100, 100, 100, 100, 100, 100, 100, 100, 100, 100, 100, 100, 100, 100, 100,     
100, 100, 0, 100, 100, 100, 100, 100, 100, 100, 100, 100, 100, 100, 100, 100, 100, 100, 100, 100, 100, 100, 100, 100, 100, 100, 100, 100, 100, 100, 
100, 100, 100, 0, 65, 100, 100, 100, 100, 100, 100, 100, 100, 100, 100, 100, 100, 100, 100, 100, 100, 100, 100, 100, 100, 100, 100, 100, 100, 100, 
35, 100, 100, 65, 0, 100, 100, 100, 100, 100, 100, 100, 100, 100, 100, 100, 100, 100, 100, 100, 100, 100, 100, 100, 100, 100, 100, 100, 100, 100, 
100, 100, 100, 100, 100, 0, 100, 100, 100, 100, 100, 35, 35, 100, 100, 100, 100, 100, 100, 100, 100, 100, 100, 100, 100, 100, 100, 100, 100, 100, 
100, 100, 100, 100, 100, 100, 0, 100, 100, 100, 100, 100, 100, 100, 100, 100, 100, 100, 35, 100, 100, 100, 100, 100, 100, 100, 100, 100, 100, 100, 
65, 100, 100, 100, 100, 100, 100, 0, 100, 100, 100, 100, 100, 100, 100, 100, 100, 100, 100, 100, 100, 100, 100, 100, 100, 100, 100, 35, 100, 100, 
100, 35, 100, 100, 100, 100, 100, 100, 0, 100, 100, 100, 100, 100, 100, 100, 35, 100, 65, 100, 100, 100, 100, 100, 100, 100, 100, 100, 100, 100, 
100, 35, 100, 100, 100, 100, 100, 100, 100, 0, 65, 100, 100, 100, 100, 100, 100, 100, 100, 100, 100, 100, 100, 100, 100, 100, 100, 35, 100, 35, 
100, 100, 100, 100, 100, 100, 100, 100, 100, 65, 0, 100, 100, 100, 100, 100, 100, 100, 100, 100, 100, 100, 100, 100, 100, 100, 100, 100, 100, 100, 
65, 100, 100, 100, 100, 35, 100, 100, 100, 100, 100, 0, 100, 100, 100, 100, 100, 100, 100, 100, 100, 100, 100, 100, 100, 100, 100, 100, 100, 100, 
100, 100, 100, 100, 100, 35, 100, 100, 100, 100, 100, 100, 0, 100, 100, 100, 100, 100, 100, 100, 100, 100, 100, 100, 100, 35, 100, 100, 100, 100, 
100, 65, 100, 100, 100, 100, 100, 100, 100, 100, 100, 100, 100, 0, 100, 100, 100, 100, 100, 100, 100, 100, 100, 100, 100, 100, 100, 100, 100, 100, 
100, 100, 100, 100, 100, 100, 100, 100, 100, 100, 100, 100, 100, 100, 0, 100, 100, 100, 100, 100, 100, 100, 100, 100, 100, 100, 100, 100, 100, 100, 
100, 100, 100, 100, 100, 100, 100, 100, 100, 100, 100, 100, 100, 100, 100, 0, 100, 100, 100, 100, 100, 100, 100, 100, 100, 100, 100, 100, 100, 100, 
100, 100, 100, 100, 100, 100, 100, 100, 35, 100, 100, 100, 100, 100, 100, 100, 0, 100, 100, 100, 100, 100, 100, 100, 100, 100, 65, 100, 100, 100, 
100, 100, 100, 100, 100, 100, 100, 100, 100, 100, 100, 100, 100, 100, 100, 100, 100, 0, 100, 100, 100, 100, 100, 100, 100, 100, 100, 100, 100, 65, 
65, 100, 100, 100, 100, 100, 35, 100, 65, 100, 100, 100, 100, 100, 100, 100, 100, 100, 0, 100, 100, 100, 100, 100, 100, 100, 100, 100, 100, 100, 
100, 100, 100, 100, 100, 100, 100, 100, 100, 100, 100, 100, 100, 100, 100, 100, 100, 100, 100, 0, 100, 100, 100, 100, 100, 100, 35, 100, 100, 100, 
100, 100, 100, 100, 100, 100, 100, 100, 100, 100, 100, 100, 100, 100, 100, 100, 100, 100, 100, 100, 0, 100, 100, 100, 100, 100, 100, 100, 35, 100,
100, 100, 100, 100, 100, 100, 100, 100, 100, 100, 100, 100, 100, 100, 100, 100, 100, 100, 100, 100, 100, 0, 100, 100, 100, 100, 100, 100, 100, 100,
100, 100, 100, 100, 100, 100, 100, 100, 100, 100, 100, 100, 100, 100, 100, 100, 100, 100, 100, 100, 100, 100, 0, 100, 100, 100, 100, 100, 100, 65,
100, 100, 100, 100, 100, 100, 100, 100, 100, 100, 100, 100, 100, 100, 100, 100, 100, 100, 100, 100, 100, 100, 100, 0, 100, 100, 100, 100, 100, 100,
100, 100, 100, 100, 100, 100, 100, 100, 100, 100, 100, 100, 100, 100, 100, 100, 100, 100, 100, 100, 100, 100, 100, 100, 0, 100, 100, 100, 100, 100,
100, 100, 100, 100, 100, 100, 100, 100, 100, 100, 100, 100, 35, 100, 100, 100, 100, 100, 100, 100, 100, 100, 100, 100, 100, 0, 100, 100, 100, 100,
100, 100, 100, 100, 100, 100, 100, 100, 100, 100, 100, 100, 100, 100, 100, 100, 65, 100, 100, 35, 100, 100, 100, 100, 100, 100, 0, 100, 100, 100,
100, 100, 100, 100, 100, 100, 100, 35, 100, 35, 100, 100, 100, 100, 100, 100, 100, 100, 100, 100, 100, 100, 100, 100, 100, 100, 100, 0, 100, 100,
100, 100, 100, 100, 100, 100, 100, 100, 100, 100, 100, 100, 100, 100, 100, 100, 100, 100, 100, 100, 35, 100, 100, 100, 100, 100, 100, 100, 0, 65,
100, 100, 100, 100, 100, 100, 100, 100, 100, 35, 100, 100, 100, 100, 100, 100, 100, 65, 100, 100, 100, 100, 65, 100, 100, 100, 100, 100, 65, 0